{
  "advancedEditorSelectedIdentifier" : "ProjectBrowser",
  "openSceneRelativePaths" : [
    "Scene.usda",
    "Tree.usda"
  ],
  "recentIdentifiers" : {

  },
  "sceneCameraHistory" : {
    "9DC131D6-2040-4F86-A665-D01581CFF001" : [
      {
        "date" : 731726568.257792,
        "title" : "Untitled",
        "transform" : [
          0.99731344,
          -5.814548e-10,
          -0.07325269,
          0,
          -0.04807281,
          0.7545349,
          -0.6544969,
          0,
          0.055271715,
          0.6562601,
          0.75250775,
          0,
          0.0711402,
          0.39237392,
          0.34882134,
          1
        ]
      },
      {
        "date" : 731726550.021787,
        "title" : "Untitled",
        "transform" : [
          0.99999994,
          0,
          0,
          0,
          0,
          0.8660255,
          -0.49999988,
          0,
          0,
          0.49999988,
          0.8660255,
          0,
          -0.00084784394,
          0.36066297,
          0.7034457,
          1
        ]
      },
      {
        "date" : 731726546.371817,
        "title" : "Untitled",
        "transform" : [
          0.99999994,
          0,
          0,
          0,
          0,
          0.8660255,
          -0.49999988,
          0,
          0,
          0.49999988,
          0.8660255,
          0,
          0.006348241,
          0.15465489,
          0.4381156,
          1
        ]
      },
      {
        "date" : 731726536.671345,
        "title" : "Untitled",
        "transform" : [
          0.99999994,
          0,
          0,
          0,
          0,
          0.8660255,
          -0.49999988,
          0,
          0,
          0.49999988,
          0.8660255,
          0,
          0.0113160685,
          0.012436938,
          0.25494462,
          1
        ]
      },
      {
        "date" : 731726533.288287,
        "title" : "Untitled",
        "transform" : [
          0.99999994,
          0,
          0,
          0,
          0,
          0.8660255,
          -0.49999988,
          0,
          0,
          0.49999988,
          0.8660255,
          0,
          0.011433886,
          0.009064075,
          0.2506005,
          1
        ]
      },
      {
        "date" : 731725749.121886,
        "title" : "Untitled",
        "transform" : [
          0.99999994,
          0,
          0,
          0,
          0,
          0.8660255,
          -0.49999988,
          0,
          0,
          0.49999988,
          0.8660255,
          0,
          -0.012586817,
          0.69672596,
          1.1362797,
          1
        ]
      },
      {
        "date" : 731725743.14955,
        "title" : "Untitled",
        "transform" : [
          0.99999994,
          0,
          -0,
          0,
          -0,
          0.8660255,
          -0.49999988,
          0,
          0,
          0.49999988,
          0.8660255,
          0,
          0,
          0.19381352,
          0.33569488,
          1
        ]
      }
    ],
    "26DBAE76-5DD8-47B6-A085-1B4ADA111097" : [
      {
        "date" : 731725713.106849,
        "title" : "Untitled",
        "transform" : [
          0.99999994,
          0,
          -0,
          0,
          -0,
          0.8660254,
          -0.49999994,
          0,
          0,
          0.49999994,
          0.8660254,
          0,
          0,
          0.19415197,
          0.33648106,
          1
        ]
      }
    ]
  },
  "selectedSceneRelativePath" : "Tree.usda"
}